30138
9823
12981
16191
-16040
14317
-14299
1347
-15119
5308
6641
24519
21315
7568
-447
-4459
13649
-11132
24448
5667
10127
-12117
8310
10961
5833
-10850
336
9478
-2059
23743
3275
-7107
5335
-8953
-13014
6055
-14372
8713
10815
3808
18203
-9612
-12799
-8522
-89
-28582
2946
-18612
13737
-13564
15671
10394
-3127
2394
-9029
-30775
3360
-6614
9504
-487
4484
-3803
11403
-6017
-18355
4442
24929
119
12700
-17364
334
-6880
-7847
13155
-8256
9302
13034
-16476
-9967
-23464
4696
5638
-13060
9008
-6212
10956
-5488
-7338
-13853
-16932
6474
-6530
-6458
8091
10905
5986
5804
4594
10478
2244
-8149
28543
-25033
6691
-7195
14308
-5331
6439
5450
8833
9819
4577
-19757
7174
-33159
-21195
-24520
-18113
-6277
-11035
-17187
21112
-10860
10247
8328
-23530
8866
-10675
28312
-1948
17711
-14843
16973
-7875
-838
-24434
-4428
11145
36450
-1453
12396
22734
-11813
1077
-20699
15662
-3290
-8226
-8942
30402
-22236
21283
-20820
-16465
19961
-19439
-2777
-908
-3065
25034
-8473
9656
-16127
-12898
-14537
6460
13894
-5710
19523
14597
12244
-7826
10700
-4125
7849
-37568
13405
-10777
51
2366
-17676
9434
6490
-30
5103
-1038
-5620
13214
10500
-5247
-14094
6953
-19719
14813
-8594
-3569
9888
38395
7363
19104
16708
14619
12534
-22003
5935
-657
-2926
7476
-12940
28353
2625
-1662
-9328
-8439
12162
-3787
29478
6148
-235
36097
-35610
3386
-25647
-29259
-19179
-1651
-19702
3431
6808
16819
-8878
-7210
-509
12902
-632
4053
-1303
5164
6360
-9840
-13760
13652
-19932
5224
-7600
-21125
-4220
-700
-5727
-14972
-25546
-19771
-26002
-1932
-25144
10189
277
5029
-4991
-2874
-10113
-16432
1773
-26618
-5957
-14517
-24320
-18098
2687
-32656
29089
-14512
16644
263
20843
26596
17729
12758
8537
-10087
2196
-12944
-4481
6441
10184
6110
-3876
-22461
1423
-18797
2926
-11572
-6906
12837
3192
29613
-8178
16582
-4673
5649
-5593
-2954
9496
-7938
10947
-2396
10488
-33248
16784
-9255
-16171
8489
-21674
26901
-19953
25119
-2307
17265
9316
2598
9003
-11174
9338
-4740
-6922
-30053
20669
-17957
12776
-8647
515
477
28487
11288
25645
-15349
29855
-28996
16103
3021
21033
24419
-11999
-1582
13563
-17498
4083
-22954
-17886
-9510
11773
-2760
16252
14821
22704
6152
-4604
3078
-1645
15649
-6818
27054
-7344
-12114
-10131
-2067
-6600
-3647
16837
-1511
5696
1337
-2272
6813
17026
-4821
4418
12083
-28595
21354
-11637
13055
-3620
13154
-27681
18629
-23582
8141
1671
37415
2548
-28624
3908
-6043
-13876
19551
-13461
40487
-3012
22827
16024
14897
-14966
15927
-34111
-2229
-7948
5273
13303
-19922
24579
-22934
3214
-18836
-14689
-6245
-20259
7920
-15754
-711
4504
-3729
3324
-23590
36101
6315
11553
5663
23872
-20519
21649
-9282
-1553
24969
972
17865
-8237
-9428
-21367
-6318
-11806
-9821
10778
-798
22064
-5135
-3437
-10740
2110
-26746
-27681
-19362
-7325
-12422
17455
-244
23703
8871
-562
-6422
16961
-1369
7785
17321
18710
10463
9784
15349
55
6025
-17417
-911
-21123
-1037
-12694
24406
-13589
-6736
-1621
-25912
-20597
7435
-27168
10512
-11283
-2618
-33524
7001
11501
-10664
17064
6313
12279
-398
-9162
20272
-17844
-12852
8903
3048
-8148
11387
12796
840
-1873
9846
-10944
-15124
-9694
-18306
-7206
-6941
-18737
8624
-29356
1645
-18016
-7643
-17979
-20374
-5839
15574
11506
10961
-1199
-20198
-1937
-5376
-16126
22903
-15554
19825
4522
-191
17712
4671
36094
6987
10543
7976
-19444
-4610
-7342
-5354
7019
-4439
-3435
-32246
14200
16936
-16624
16740
-14875
-2036
3844
11012
-7387
20373
6712
20188
19760
-6436
25022
-12569
28363
-31
10758
-5444
9170
5864
14474
10567
-7650
-27413
-807
-17259
3531
4462
47522
-1736
32127
3907
16812
2019
-399
13607
-7620
776
-16876
-25229
-7646
-9986
18301
18844
4431
1994
-12869
2405
-958
15505
-5688
-7773
580
-19760
-10397
-7928
6531
-25039
11545
-19551
-1791
-11066
6423
16433
-21099
5483
-6276
-25633
7423
22769
8993
19723
-251
17383
15873
7137
32653
-3490
24098
9424
-7029
-10768
-9484
10153
-4113
9702
17042
14862
-14379
24459
-2422
23783
-8428
1358
-7099
-16408
37538
-10546
6659
-2458
-8033
-6509
-21563
15482
1393
12430
17758
9754
5976
14286
29562
8832
22302
10227
2525
-18460
9393
-15780
9175
18059
-10158
2125
-33089
-4426
-6932
-27507
